
// 修改LS的ratio，使得两者相等， ratio = math.log( 1 + nan_in_neighbor)

-----------------Dataset: cardio--------------------- 
AUC: 
[0.8531 0.8973 0.9006 0.9117 0.919  0.929  0.9342 0.935  0.9393 0.9127]
PR@N: 
[0.4034 0.4489 0.4091 0.4148 0.4375 0.4545 0.483  0.4943 0.5057 0.4886]
-----------------Dataset: Cardiotocography--------------------- 
AUC: 
[0.6855 0.7239 0.7356 0.7448 0.7363 0.7449 0.7479 0.7471 0.7431 0.7111]
PR@N: 
[0.3927 0.427  0.4678 0.4614 0.4764 0.4764 0.4914 0.5    0.5043 0.4979]
-----------------Dataset: glass--------------------- 
AUC: 
[0.8596 0.8304 0.8179 0.8238 0.8152 0.8125 0.7946 0.7843 0.7772 0.8095]
PR@N: 
[0.1111 0.1111 0.1111 0.     0.     0.     0.1111 0.1111 0.1111 0.    ]
-----------------Dataset: Ionosphere--------------------- 
AUC: 
[0.7501 0.8386 0.8605 0.8707 0.8644 0.8574 0.8624 0.8617 0.8538 0.8504]
PR@N: 
[0.619  0.6825 0.746  0.746  0.746  0.746  0.7619 0.7302 0.746  0.6905]
-----------------Dataset: landsat--------------------- 
AUC: 
[0.5748 0.6058 0.6202 0.629  0.6254 0.6303 0.6321 0.6319 0.6345 0.6104]
PR@N: 
[0.2378 0.2543 0.2581 0.2596 0.2498 0.2641 0.2626 0.2611 0.2701 0.2018]
-----------------Dataset: optdigits--------------------- 
AUC: 
[0.8806 0.9602 0.9757 0.985  0.9754 0.9698 0.9802 0.9832 0.9811 0.9503]
PR@N: 
[0.28   0.6467 0.7467 0.8067 0.78   0.7467 0.76   0.7867 0.8133 0.3867]
-----------------Dataset: PageBlocks--------------------- 
AUC: 
[0.8517 0.8872 0.9034 0.9082 0.9127 0.9148 0.9176 0.9186 0.9225 0.9161]
PR@N: 
[0.398  0.4667 0.4902 0.5157 0.5314 0.5451 0.5412 0.5333 0.5392 0.5255]
-----------------Dataset: pendigits--------------------- 
AUC: 
[0.86   0.9435 0.9559 0.9569 0.9566 0.963  0.9653 0.9584 0.9578 0.9335]
PR@N: 
[0.1795 0.3397 0.3205 0.3333 0.2756 0.359  0.3654 0.3013 0.2885 0.1987]
-----------------Dataset: Pima--------------------- 
AUC: 
[0.6831 0.7058 0.7092 0.7179 0.7181 0.7269 0.7234 0.7222 0.7153 0.698 ]
PR@N: 
[0.4925 0.5112 0.5187 0.5261 0.5336 0.5485 0.5336 0.5336 0.5336 0.5   ]
-----------------Dataset: satellite--------------------- 
AUC: 
[0.7198 0.7617 0.7767 0.7881 0.7872 0.7893 0.7881 0.7911 0.7924 0.7625]
PR@N: 
[0.5339 0.5639 0.5747 0.5869 0.586  0.5855 0.5796 0.5761 0.5835 0.5408]
-----------------Dataset: satimage-2--------------------- 
AUC: 
[0.8413 0.9378 0.9588 0.9868 0.9935 0.992  0.9927 0.9941 0.9938 0.9908]
PR@N: 
[0.169  0.2535 0.3662 0.6338 0.662  0.662  0.6901 0.7183 0.7042 0.7746]
-----------------Dataset: speech--------------------- 
AUC: 
[0.5228 0.4806 0.5133 0.5511 0.5804 0.5846 0.5901 0.5758 0.5849 0.5913]
PR@N: 
[0.0328 0.0492 0.0164 0.0164 0.0492 0.0164 0.0492 0.0328 0.0164 0.    ]
-----------------Dataset: Stamps--------------------- 
AUC: 
[0.7649 0.8225 0.8016 0.825  0.8321 0.8496 0.8755 0.8723 0.8655 0.825 ]
PR@N: 
[0.3548 0.1935 0.2581 0.1935 0.1613 0.1613 0.2258 0.1613 0.1613 0.1613]
-----------------Dataset: vowels--------------------- 
AUC: 
[0.8316 0.8832 0.9296 0.9575 0.9662 0.9774 0.9795 0.9771 0.9769 0.9166]
PR@N: 
[0.26 0.28 0.44 0.58 0.64 0.68 0.7  0.68 0.76 0.5 ]
-----------------Dataset: Waveform--------------------- 
AUC: 
[0.7163 0.8041 0.8325 0.867  0.8723 0.8771 0.8822 0.8803 0.8769 0.8182]
PR@N: 
[0.05 0.1  0.14 0.18 0.14 0.18 0.26 0.25 0.21 0.2 ]
-----------------Dataset: WPBC--------------------- 
AUC: 
[0.5182 0.512  0.5192 0.4996 0.5339 0.5177 0.519  0.5195 0.5404 0.5546]
PR@N: 
[0.2128 0.1915 0.1915 0.1489 0.1915 0.1915 0.2128 0.1915 0.2553 0.1915]
-----------------Dataset: Seismic--------------------- 
AUC: 
[0.6473 0.6724 0.6978 0.703  0.7147 0.7121 0.7183 0.7225 0.723  0.7015]
PR@N: 
[0.1353 0.1588 0.1706 0.1765 0.1706 0.1471 0.1588 0.1706 0.1412 0.1059]
-----------------Dataset: Banknote--------------------- 
AUC: 
[0.5355 0.5224 0.5379 0.5087 0.5127 0.5219 0.5232 0.5277 0.518  0.5013]
PR@N: 
[0.4721 0.477  0.4951 0.4721 0.4607 0.4902 0.4885 0.4803 0.4918 0.4623]
-----------------Dataset: HeartDisease--------------------- 
AUC: 
[0.5361 0.3865 0.3198 0.3654 0.4908 0.6201 0.6608 0.677  0.7212 0.6229]
PR@N: 
[0.4583 0.325  0.2917 0.3167 0.45   0.5167 0.55   0.5583 0.6333 0.5   ]
-----------------Dataset: breastw--------------------- 
AUC: 
[0.7584 0.7361 0.7325 0.7368 0.7623 0.7316 0.7613 0.7697 0.7904 0.7581]
PR@N: 
[0.5607 0.5063 0.5021 0.5146 0.5649 0.5146 0.5272 0.5272 0.5607 0.4979]
-----------------Dataset: WBC--------------------- 
AUC: 
[0.8986 0.9214 0.9228 0.9324 0.9265 0.9281 0.9222 0.9228 0.9238 0.8449]
PR@N: 
[0.381  0.3333 0.381  0.4762 0.3333 0.3333 0.3333 0.3333 0.4286 0.2381]
-----------------Dataset: mnist--------------------- 
AUC: 
[0.7394 0.8136 0.85   0.8736 0.8869 0.884  0.8813 0.8736 0.8775 0.7599]
PR@N: 
[0.2843 0.3614 0.4029 0.48   0.47   0.47   0.4571 0.44   0.4529 0.2343]
-----------------Dataset: musk--------------------- 
AUC: 
[0.8254 0.9068 0.9443 0.9713 0.9761 0.9802 0.9895 0.993  0.9913 0.9481]
PR@N: 
[0.2062 0.3505 0.4227 0.5876 0.5773 0.7113 0.7629 0.8247 0.7938 0.567 ]
-----------------Dataset: thyroid--------------------- 
AUC: 
[0.8782 0.8975 0.9106 0.9226 0.9324 0.9376 0.9374 0.9386 0.9389 0.9009]
PR@N: 
[0.2151 0.1935 0.2258 0.2366 0.2581 0.3226 0.3226 0.3548 0.3548 0.3226]
