# 手动加100的实验结果


-----------------Dataset: cardio--------------------- 
AUC: 
[0.9119 0.9311 0.9376 0.9363 0.9358 0.9368 0.9361 0.9355 0.9361 0.935 ]
PR@N: 
[0.483  0.5    0.5    0.517  0.5114 0.4943 0.5    0.4943 0.4886 0.4943]
AP: 
[0.4418 0.4723 0.4959 0.4855 0.4748 0.4795 0.4722 0.4701 0.4755 0.4753]
-----------------Dataset: Cardiotocography--------------------- 
AUC: 
[0.7419 0.7405 0.744  0.7431 0.7437 0.7431 0.7461 0.7447 0.7457 0.7471]
PR@N: 
[0.47   0.4742 0.4936 0.4914 0.4957 0.5021 0.5043 0.4957 0.5    0.5   ]
AP: 
[0.4535 0.4449 0.4517 0.4482 0.4509 0.4525 0.4557 0.4529 0.4561 0.4585]
-----------------Dataset: glass--------------------- 
AUC: 
[0.7393 0.7794 0.7902 0.7756 0.7669 0.7821 0.781  0.7642 0.7669 0.7843]
PR@N: 
[0.1111 0.1111 0.1111 0.1111 0.1111 0.1111 0.1111 0.1111 0.1111 0.1111]
AP: 
[0.1116 0.2087 0.149  0.1503 0.1949 0.1288 0.1293 0.1165 0.1066 0.1169]
-----------------Dataset: Ionosphere--------------------- 
AUC: 
[0.8595 0.8532 0.854  0.8553 0.8596 0.8598 0.8614 0.8624 0.8622 0.8617]
PR@N: 
[0.7143 0.7302 0.7381 0.7381 0.7381 0.7302 0.7222 0.7302 0.7302 0.7302]
AP: 
[0.785  0.7578 0.7614 0.7747 0.775  0.7806 0.7887 0.7864 0.7803 0.7852]
-----------------Dataset: landsat--------------------- 
AUC: 
[0.6244 0.6288 0.6261 0.6272 0.6284 0.629  0.6279 0.6275 0.6302 0.6319]
PR@N: 
[0.2483 0.2468 0.2468 0.2468 0.2513 0.2513 0.2483 0.2483 0.2536 0.2611]
AP: 
[0.2466 0.248  0.2449 0.2453 0.2463 0.2468 0.2461 0.2457 0.2474 0.2485]
-----------------Dataset: optdigits--------------------- 
AUC: 
[0.9446 0.96   0.973  0.9781 0.9791 0.9802 0.9816 0.9814 0.9808 0.9832]
PR@N: 
[0.6133 0.66   0.7    0.7467 0.7333 0.7533 0.7467 0.74   0.7533 0.7867]
AP: 
[0.563  0.615  0.6701 0.688  0.6973 0.7107 0.7188 0.712  0.7061 0.7207]
-----------------Dataset: PageBlocks--------------------- 
AUC: 
[0.8935 0.9079 0.9118 0.9126 0.9156 0.9154 0.9165 0.9176 0.9184 0.9186]
PR@N: 
[0.4804 0.5059 0.5216 0.5294 0.5275 0.5235 0.5255 0.5255 0.5235 0.5333]
AP: 
[0.4586 0.4831 0.4909 0.4864 0.4951 0.4971 0.4999 0.5037 0.5076 0.5081]
-----------------Dataset: pendigits--------------------- 
AUC: 
[0.9172 0.9381 0.944  0.9506 0.9537 0.9537 0.9549 0.9557 0.9591 0.9584]
PR@N: 
[0.2244 0.2628 0.2949 0.2821 0.2692 0.2692 0.2564 0.2821 0.3077 0.3013]
AP: 
[0.1828 0.2224 0.2338 0.2405 0.2357 0.2352 0.2329 0.2419 0.2592 0.2557]
-----------------Dataset: Pima--------------------- 
AUC: 
[0.7113 0.7166 0.7195 0.7223 0.7234 0.7215 0.7236 0.721  0.721  0.7222]
PR@N: 
[0.5224 0.5224 0.5336 0.5373 0.5336 0.5336 0.5373 0.5336 0.5299 0.5336]
AP: 
[0.4981 0.499  0.4986 0.5047 0.5043 0.5055 0.506  0.5033 0.5014 0.5033]
-----------------Dataset: satellite--------------------- 
AUC: 
[0.7708 0.7829 0.7823 0.7857 0.7861 0.7873 0.7872 0.7877 0.7897 0.7911]
PR@N: 
[0.5589 0.5717 0.5688 0.5707 0.5732 0.5776 0.5776 0.5751 0.5771 0.5761]
AP: 
[0.6046 0.6234 0.6258 0.6312 0.633  0.6373 0.6365 0.6388 0.6415 0.6441]
-----------------Dataset: satimage-2--------------------- 
AUC: 
[0.9719 0.9836 0.9909 0.9907 0.9933 0.994  0.9936 0.9939 0.9938 0.9941]
PR@N: 
[0.4366 0.5493 0.5915 0.5775 0.6197 0.6901 0.662  0.6761 0.6901 0.7183]
AP: 
[0.5065 0.5665 0.5893 0.5701 0.6488 0.6729 0.6643 0.6583 0.6502 0.6399]
-----------------Dataset: speech--------------------- 
AUC: 
[0.5666 0.5765 0.5819 0.5696 0.5692 0.5758 0.5744 0.5745 0.5757 0.5758]
PR@N: 
[0.     0.0678 0.0492 0.0492 0.0656 0.0656 0.0656 0.0328 0.0492 0.0328]
AP: 
[0.0221 0.0283 0.0304 0.0311 0.0284 0.0304 0.0272 0.0259 0.0263 0.0246]
-----------------Dataset: Stamps--------------------- 
AUC: 
[0.8447 0.8611 0.8514 0.8643 0.8613 0.8685 0.8707 0.873  0.8731 0.8723]
PR@N: 
[0.2258 0.1935 0.1613 0.1935 0.1613 0.1613 0.1613 0.1613 0.1613 0.1613]
AP: 
[0.2843 0.2754 0.2663 0.2829 0.2913 0.2983 0.2905 0.286  0.2937 0.2984]
-----------------Dataset: vowels--------------------- 
AUC: 
[0.9322 0.9603 0.9673 0.9729 0.9748 0.9748 0.9763 0.9764 0.9769 0.9771]
PR@N: 
[0.5  0.58 0.68 0.7  0.7  0.7  0.68 0.66 0.7  0.68]
AP: 
[0.4946 0.6193 0.6754 0.7407 0.7467 0.7502 0.7551 0.7324 0.7547 0.7697]
-----------------Dataset: Waveform--------------------- 
AUC: 
[0.8334 0.8604 0.8643 0.8665 0.871  0.8755 0.8747 0.8753 0.8769 0.8803]
PR@N: 
[0.15 0.24 0.19 0.19 0.21 0.23 0.23 0.24 0.24 0.25]
AP: 
[0.122  0.1531 0.1376 0.1364 0.1453 0.1532 0.1533 0.1575 0.1565 0.1624]
-----------------Dataset: WPBC--------------------- 
AUC: 
[0.5077 0.5467 0.5421 0.5447 0.5302 0.5249 0.5233 0.5201 0.5184 0.5195]
PR@N: 
[0.2128 0.1915 0.2128 0.2128 0.1915 0.1915 0.1915 0.1915 0.1915 0.1915]
AP: 
[0.2359 0.2449 0.2441 0.2458 0.2411 0.2409 0.2384 0.2362 0.236  0.2374]
-----------------Dataset: Seismic--------------------- 
AUC: 
[0.6883 0.7067 0.7147 0.7213 0.7177 0.718  0.7193 0.7223 0.721  0.7225]
PR@N: 
[0.1471 0.1353 0.1353 0.1412 0.1412 0.1471 0.1706 0.1824 0.1588 0.1706]
AP: 
[0.1245 0.1237 0.1269 0.1334 0.1327 0.1363 0.1408 0.1426 0.141  0.1417]
-----------------Dataset: Banknote--------------------- 
AUC: 
[0.5445 0.538  0.519  0.5213 0.5253 0.5216 0.5289 0.5273 0.5274 0.5277]
PR@N: 
[0.4984 0.5    0.4754 0.4787 0.4754 0.4754 0.4787 0.4787 0.4803 0.4803]
AP: 
[0.5125 0.5075 0.4945 0.4915 0.4926 0.4894 0.4908 0.4906 0.4902 0.4921]
-----------------Dataset: HeartDisease--------------------- 
AUC: 
[0.6534 0.6665 0.6534 0.6555 0.66   0.6677 0.6698 0.6679 0.6722 0.677 ]
PR@N: 
[0.55   0.55   0.5333 0.5417 0.5417 0.5583 0.5583 0.5667 0.575  0.5583]
AP: 
[0.5986 0.6261 0.6209 0.604  0.6007 0.6113 0.6097 0.6082 0.6127 0.6197]
-----------------Dataset: breastw--------------------- 
AUC: 
[0.7604 0.7691 0.7788 0.785  0.7815 0.7806 0.7754 0.7718 0.7707 0.7697]
PR@N: 
[0.5523 0.5607 0.5565 0.569  0.5607 0.5649 0.5481 0.5439 0.5314 0.5272]
AP: 
[0.4981 0.4971 0.5022 0.5081 0.5035 0.5024 0.4969 0.4935 0.4924 0.4912]
-----------------Dataset: WBC--------------------- 
AUC: 
[0.9081 0.9281 0.9209 0.9214 0.921  0.9189 0.9177 0.9212 0.9194 0.9228]
PR@N: 
[0.381  0.381  0.3333 0.2857 0.381  0.381  0.3333 0.381  0.3333 0.3333]
AP: 
[0.3956 0.3487 0.3099 0.3302 0.3174 0.3161 0.3139 0.3321 0.3251 0.3292]
-----------------Dataset: mnist--------------------- 
AUC: 
[0.8172 0.8459 0.8466 0.8507 0.8554 0.8603 0.8668 0.8718 0.8727 0.8736]
PR@N: 
[0.3414 0.39   0.3871 0.3829 0.4157 0.4171 0.4286 0.4414 0.4443 0.44  ]
AP: 
[0.2943 0.3404 0.3401 0.3526 0.377  0.3768 0.3884 0.4024 0.4041 0.4009]
-----------------Dataset: musk--------------------- 
AUC: 
[0.9704 0.9833 0.9814 0.985  0.9853 0.9888 0.9903 0.9912 0.9923 0.993 ]
PR@N: 
[0.6289 0.6907 0.701  0.7629 0.8041 0.8144 0.8351 0.8144 0.8351 0.8247]
AP: 
[0.7172 0.7991 0.8102 0.8355 0.8633 0.8852 0.9101 0.9081 0.9149 0.9185]
-----------------Dataset: thyroid--------------------- 
AUC: 
[0.9198 0.9404 0.9419 0.9392 0.9401 0.94   0.9412 0.9399 0.9398 0.9386]
PR@N: 
[0.3011 0.2903 0.2903 0.3011 0.3333 0.3548 0.3656 0.3441 0.3763 0.3548]
AP: 
[0.2583 0.2557 0.2543 0.2549 0.2604 0.2598 0.2704 0.2685 0.2717 0.2619]
